687877071
687759208
687704958
687298482
685110710
685017760
684997682
684979892
682220363
682174023
682139734
682106052
682072317
682050189
682046624
688771617
688645282
688170204
688348809
688328967
687375610
686026674
685590549
685188344
685132408
681895737
681882318
681876545
681826957
681812005
681720447
681702047
681692191
689558512
681261865
681198282
681181400
681161315
680826365
680744116
680691459
679516261
679436303
679037103
679012479
679017400
677124247
677118996
676676023
676660924
676659255
676579869
675728392
675700405
675244912
675220865
675203029
675191119
675180377
674065679
674057496
674028385
674012556
673757760
672420918
672410619
672407365
672396908
672388689
672285416
672224577
672176389
672167881
671203786
670900007
670007998
669541032
668968178
668857226
667355309
667344752
667318771
667168090
667151071
667077304
666677763
666604236
666567849
666493678
666451055
666435534
666395609
666230338
666225182
666112235
665940067
665654681
665642260
665615967